161936
12333
120677
102794
25613
3076
31260
84876
96848
164153
124742
72125
2651
115746
121921
28720
35677
173346
178900
126163
150376
170216
68448
18602
122515
182028
40834
62219
103885
28143
93
146021
110327
12493
132531
37111
36218
157354
42
128882
9609
171623
155426
124361
102680
163412
144733
30549
103343
521
104162
146508
73439
126042
101721
70149
14105
91
123260
34635
164928
146652
2511
161970
147020
21050
17133
127023
9216
27833
43111
159675
14996
555
4098
148228
39463
93260
154203
128621
188
215
77423
234
140620
104006
43015
31627
59294
20551
22545
38453
24181
155068
146886
9209
97207
54043
148949
31481
10630
17392
146439
129437
41114
48726
127060
77130
19857
12
66589
54998
119890
1
7854
36932
108745
92828
822
421
54138
15985
27708
124708
45315
40692
123123
105134
39856
157969
463
3
129622
40765
59959
243
33160
70323
760
136888
54625
121
73171
37046
25292
175155
118048
181304
71
25554
31594
63628
147949
25021
133038
2655
15987
5
79828
13122
70919
54
25417
40354
83330
21241
21348
143693
9217
98778
136063
55670
8217
102652
96913
2653
18833
875
144344
90137
66188
712
46213
17226
19777
24480
5404
65781
100901
13
116998
97786
118
3685
39683
58421
66362
172386
163745
175914
113924
82222
42052
11170
3307
475
128996
155873
9625
27162
62222
6472
39351
144592
63888
36553
166384
18098
150658
128671
90419
125618
27173
586
148575
26997
62227
24800
172
109276
1513
160499
105551
162082
113997
28181
133848
50750
137408
478
18
9674
34119
39938
138161
97842
15363
127398
42776
65532
134726
121288
103886
131357
121408
146791
22827
79127
34219
158275
125153
58281
163968
158899
2346
128271
137988
140603
43570
150
82420
15062
1353
9823
82421
21790
159508
50
20963
119506
65901
30869
31999
38996
119432
31730
36235
139976
31563
133473
30380
113294
70512
3201
2163
15364
155703
47185
110277
95527
41066
41002
141572
11
35570
12891
155987
144189
88
4390
27746
143519
176494
126792
91872
21763
26566
22345
68425
163166
47
94
27976
42215
2181
30957
6249
85897
117915
1345
155624
24508
45986
37904
1035
43528
20437
29603
55600
73761
155362
503
135219
528
38823
171
84419
163602
12942
10547
128780
69779
176920
13004
153938
491
137269
12962
131287
91312
108784
98351
107529
12002
9440
28023
163967
1041
151004
150997
66356
146278
939
13642
106217
8125
172818
156689
67492
1301
240
95064
53953
46
52461
166669
12902
29368
169255
21882
20100
483
554
5782
69789
148319
108906
19600
100423
181279
22825
2453
72225
7717
131646
1822
57390
8045
143741
123540
904
143515
162007
60
55427
141517
372
167400
8051
40628
132028
224
119788
30645
66505
168584
104710
38159
104363
37380
147151
156566
160495
50768
171668
551
151022
122298
173
137649
122522
71721
39953
65244
97903
168435
45
129948
26990
161417
160018
18100
23094
156776
181521
89409
104020
51
59946
72287
94246
2398
17396
327
16747
15817
27588
38054
27364
96007
5737
2093
35497
4099
55690
432
25568
144797
117959
124
71671
156943
37628
91080
42910
30618
143884
169124
151007
68264
34084
15126
37836
172287
230
43022
66056
157526
121410
25821
139898
30381
1634
91536
176189
156714
2507
132372
98229
92415
154809
111341
44163
121297
19100
163068
111799
8203
145659
41
47055
699
91873
142326
20542
1608
221
25643
2955
21523
37919
855
833
156009
8989
135382
1261
6830
25669
123955
171669
132018
144041
60435
823
172308
168917
18258
171499
182874
1382
37759
24068
95103
165401
158889
157403
119591
75165
67254
75449
66
1159
35815
6205
13823
527
1465
153065
150999
152162
109125
140933
138649
35052
140934
152
58936
120523
278
103
174570
16395
12495
40793
105
29934
902
21441
42452
137297
17329
154246
12995
423
7480
105037
13780
13884
22484
139771
122294
123499
33604
112138
15
22141
10640
26457
30658
180511
34194
165838
9203
106
129459
354
123607
172081
19999
492
11825
104347
24417
55697
40270
72991
92319
125678
2081
160902
10
196
53093
129051
26
2338
161866
106662
1231
157809
157001
130176
102548
730
16496
101785
16986
3800
125548
113873
162286
22038
878
131260
142079
147303
12761
39684
61692
94362
6411
138431
21550
117985
19622
73369
152470
164265
176229
254
3072
139030
63268
38862
9446
1499
156129
220
156336
91514
43443
38765
481
154386
19237
145639
37387
3284
38343
1897
146418
88827
41916
9220
16992
826
56692
85256
42124
94104
37907
131014
87890
701
103092
57925
115
142961
154458
127518
22
620
84
6351
1540
21920
144529
24773
142992
90040
134352
5716
112
35435
159473
1915
71906
174660
152765
242
38863
41933
1403
70
92190
160851
168
1115
83195
73
131366
1662
29937
164338
166226
104955
107255
127024
5206
21954
2393
2122
7805
134453
143986
75476
15512
183562
37141
681
136991
143185
56931
148951
24827
39339
54361
31497
36522
2842
204
111124
103185
113401
150312
161614
2961
42487
138233
91984
23679
37358
144568
163413
15839
173442
157096
38992
9910
8129
71836
14254
394
3565
34887
15953
39217
122240
86246
153016
146221
3228
10093
36811
594
113636
3955
157
38386
147253
167270
55829
131325
175199
28089
65564
1887
63543
25224
232
12166
31552
2808
1829
40209
183880
142852
180593
3931
159109
199
33451
424
986
158435
156091
624
925
8098
2987
73316
123096
102435
158900
25277
85036
237
2570
24742
32666
8481
4396
9215
67239
2065
17710
91620
111105
442
38545
24703
111417
77
136280
6779
141736
31624
494
130960
116
361
21551
18748
46396
128898
125752
128442
31759
19526
114031
31105
201
619
5781
22143
119
85005
12477
40769
32125
35503
3353
28259
4741
43868
13308
62220
13551
15511
99975
2251
34707
8190
35761
39927
903
120217
144239
46255
1568
12589
81640
16772
71882
117
5072
438
66214
122842
1544
27627
915
123609
118063
43152
42673
148943
83734
118174
9027
144826
170042
4636
68182
1442
143405
38309
29972
31483
631
9341
58110
20134
11057
16267
40760
33154
589
158339
116954
36399
3720
22348
142121
41749
76417
2397
40237
40393
340
120
177678
249
29839
15818
71061
32412
118695
66588
145189
1117
21133
149155
111732
17223
1155
123219
15510
18745
119391
92044
65515
88408
83667
15600
30367
133632
67928
63759
130
32674
89910
19995
12750
41010
22897
929
592
20133
